[gd_scene load_steps=15 format=3 uid="uid://c3dlhi84tpeuy"]

[ext_resource type="PackedScene" uid="uid://3svsacwngjq3" path="res://scenes/ui/components/game_timer.tscn" id="1_4jsyu"]
[ext_resource type="PackedScene" uid="uid://cwirmhm0gp358" path="res://scenes/world/entities/player.tscn" id="2_1ft1o"]
[ext_resource type="Material" uid="uid://bhwfgy47fyufa" path="res://assets/materials/material_13.tres" id="3_8r8o6"]
[ext_resource type="Script" uid="uid://bhvvwu6pwmtyr" path="res://scripts/core/utilities/camera_follow.gd" id="4_ndd0t"]
[ext_resource type="PackedScene" path="res://scenes/world/prefabs/crate.tscn" id="5_itmcp"]
[ext_resource type="PackedScene" path="res://scenes/world/prefabs/axe.tscn" id="6_ufsui"]
[ext_resource type="PackedScene" uid="uid://gjlckowlj43l" path="res://scenes/ui/components/ui.tscn" id="7_ufsui"]
[ext_resource type="PackedScene" path="res://scenes/world/prefabs/lever.tscn" id="8_rj1kb"]
[ext_resource type="PackedScene" path="res://scenes/world/prefabs/crate_new.tscn" id="9_5p5ap"]

[sub_resource type="ProceduralSkyMaterial" id="ProceduralSkyMaterial_74lek"]
sky_horizon_color = Color(0.662243, 0.671743, 0.686743, 1)
ground_horizon_color = Color(0.662243, 0.671743, 0.686743, 1)

[sub_resource type="Sky" id="Sky_j5jx5"]
sky_material = SubResource("ProceduralSkyMaterial_74lek")

[sub_resource type="Environment" id="Environment_lpvoh"]
background_mode = 2
sky = SubResource("Sky_j5jx5")
tonemap_mode = 2
glow_enabled = true

[sub_resource type="WorldBoundaryShape3D" id="WorldBoundaryShape3D_at5dv"]

[sub_resource type="QuadMesh" id="QuadMesh_jcd4p"]
material = ExtResource("3_8r8o6")
size = Vector2(16, 16)
orientation = 1

[node name="Test" type="Node3D"]

[node name="GameTimer" parent="." instance=ExtResource("1_4jsyu")]

[node name="Player" parent="." instance=ExtResource("2_1ft1o")]

[node name="WorldEnvironment" type="WorldEnvironment" parent="."]
environment = SubResource("Environment_lpvoh")

[node name="DirectionalLight3D" type="DirectionalLight3D" parent="."]
transform = Transform3D(-0.863854, -0.436219, 0.251931, 0.422595, -0.355357, 0.833748, -0.274171, 0.826701, 0.49132, 0, 0, 0)
shadow_enabled = true

[node name="Ground" type="StaticBody3D" parent="."]

[node name="CollisionShape3D" type="CollisionShape3D" parent="Ground"]
shape = SubResource("WorldBoundaryShape3D_at5dv")
debug_fill = false

[node name="MeshInstance3D" type="MeshInstance3D" parent="Ground"]
mesh = SubResource("QuadMesh_jcd4p")

[node name="Camera3D" type="Camera3D" parent="." node_paths=PackedStringArray("target")]
transform = Transform3D(1, 0, 0, 0, 1, 0, 0, 0, 1, 0, 5, 10)
fov = 45.0
script = ExtResource("4_ndd0t")
target = NodePath("../Player")
offset = Vector3(0, 3, 6)

[node name="Crate" parent="." instance=ExtResource("5_itmcp")]
transform = Transform3D(1, 0, 0, 0, 1, 0, 0, 0, 1, 0.0284421, 0, 5.3486)
visible = false

[node name="Axe" parent="." instance=ExtResource("6_ufsui")]
transform = Transform3D(1, 0, 0, 0, 1, 0, 0, 0, 1, -1.5079, 0.3725, -2.514)

[node name="UI" parent="." instance=ExtResource("7_ufsui")]

[node name="Lever" parent="." instance=ExtResource("8_rj1kb")]
transform = Transform3D(-0.0192402, 0.00188526, 0.999813, 0.000657638, 0.999998, -0.00187295, -0.999814, 0.00062147, -0.0192414, 7.59132, -0.000438362, 0.148345)

[node name="Crates" type="Node" parent="."]

[node name="Crate2" parent="Crates" instance=ExtResource("9_5p5ap")]
transform = Transform3D(0.0311681, 0.00169001, -0.999513, 0.00558577, 0.999982, 0.00186498, 0.999499, -0.00564119, 0.0311582, 6.76981, 0.358906, 0.207949)

[node name="Crate3" parent="Crates" instance=ExtResource("9_5p5ap")]
transform = Transform3D(0.0311681, 0.00169001, -0.999513, 0.00558577, 0.999982, 0.00186498, 0.999499, -0.00564119, 0.0311582, 7.47449, 0.358066, -0.577528)

[node name="Crate4" parent="Crates" instance=ExtResource("9_5p5ap")]
transform = Transform3D(0.0311681, 0.00169001, -0.999513, 0.00558577, 0.999982, 0.00186498, 0.999499, -0.00564119, 0.0311582, 7.55346, 0.356962, 0.958766)
